100
100
547 721 378 536 682   0 368 743 946 251 883  54 426 327 738 213 399 799 757 427 925 779 261 528 703 109 519  22 543 529 340 143 341 846 375  60 983 831 466 677 762 314 565 279 954 631 603 657 307  80 901 179  30 680 995 466 640 356 633 164 980 305 361 246 575 211 911 344 757 350 999  17 682 321 572 736 431 574 212 126 340 568 814 537 495  17 383 649 298 786 566  45 320 107 242   5 955 875 885 459
476 223 276 432 682  18  24 869 871 448 791 613 744 233 571 240 196 636 717 227 434 996 207 823 235  93 856 776 595 692 869 410 972 672 693 473 332 949 146 844 524 676 122  96 573 616 943 523 758 449 531 259 513 351 341 526 572 245 861 685 214 464 792 560 880 800 104 101 843 146 484   8 535 427 340 127 556 985 507 309 801 256 805 274 713 295 955 317 368 660 707 517 108  90 344 311 322 377 241 277
810 405 227 145 275 363  99 344  70 846 682  88 414 541 858 684 892 483 127 702 579  24 995 940 138 868 575 588 913  36 500 787 959 721 501 314 340 504 245 386 130 958 146 121 106 815 403  51 307 339 994  19 479 762 908 787 763 769  15 726 791 867 541 735 219 811 246 128 158 180 323 507 528 918 458 392 570 538 382 609 122 372 971 625 563 659 598 744 809 148 658 388 334 962  32 559 352 889 154 506
848   6 537  67 711 968 729 787  72 185 252 481 813 944 409 499 680 468 886 615  61 911 279 574 336 326  86 136 345  65 245  93 264 579 555 700 188 784 630 241 492 597 726 698 376 745 332 959 644 157 912 914 477 431 454  43 854 596 739 119 626 956 254 372 206 578 602  23 510 906 857 682  88 592 114 957 597 471 412 655 792  86 500 864 144 705 278 452 667 687 223 635 777 182 652 901 346 755  49  49
549  51 552 544 325 421 379 260 595  90  54 859 151 664 629 323 738 546 987 605   4 753 126 528 400  41 967 131 634 394 246  25 781 982 494  20 563  97 196 244 973 772 889 506 948 661 423 618 441 227 642 435 767 526 835 229 631  31 158 108 504 181 481 641   3 671 275 546 541 372 419 246 855 901 914 683 370   4 453 932 729 535 733 708 117 915 167 808 710 604 147 430 449 686 260 714 883 801 511 416
 92 100 799 557 729 829 107 563 122 571 249 150 501 344 155 716 662 312 847  35   7 761 305 959 882 735 566 647 726 769 360 919 296  72 810 506 997 453 548 696 560 127 919 366  20 422 266 127 297 850 547 804 337  50 875  74 672 815 543 917 301 147  28 265 983 383 507 972 517 930 625 540 846 844 235 760 993 533 994 732  61 877 973 363 641  21 513 405 480 490  47 434 934 475 680 242 581 336 303 901
848 505 833 679 391 737 150 137 469 742 122 352 597 784 876 572 859 792 675 845 465  82 691 614 401 847 255 185 982 889 396 750 569 791 286 651 775 829 680 131 352 275 668 338 121 196 145 489 102 242 311 425 877 848 657  49 126 931 349 735 529 871  17 187 515 510 242 721 932 245 839 692 785 518 248 970 513 716  87 477 145 911 617 683 754 184  65 934 688 309 905 376 817 149 766 905 484 686 924 703
716 466 312 642 135 551 701  95 629 339 858 855 744 617  79 153 606 104  54 458 505 964 934 639 651 741  53 896 517  86   3 987 122 357 908 726  35 988 320 863  33 849 854 315 828 353 824 953 973 575 619 417 487 932 814 856 781 405 949  16  81 752 787 902 510  32 513  95 909  66 506 215 333 934 875 960 350 476 875 377 146 610 767 927 649 668   7 392 720 276 797 260 531 243 892 539 884 441 375 740
747 458 867 444 632 704 370 256 202 125 340 174 367 246 697 936 492 312 142 918 887 938 481 111 150 411 128 199 114 515 825 325 271 875 627 451 611  51 701 139 980 267 538 956 782 702 470 495 534 113 589 924 891 115 184  97 370 766 924  84 982 576 713 327 797 394 361 583 208 443 713  44 450 179 898 814  70 476 448 547 706  32 855 633 503 806 956 339 962 755  75 171 730 514 990 483 412 164  76 409
468 319 270 266 601 113 111 141 597 740 280 931 429 874 586 250 266 767  58 948 422 553 704 582 567 440 936 346 153 623 691 720 331 775 584 353 856 314  25 784 858 490 964   1 103 486 895 634 171 208  19 438 100 151 528 505 956 761 637 614  24 709 837 988 110 397 766 886 535 206  43 792  77 578 376 210 219 730 229  92 365 547 581 993 373 213 928 196 381 355  47 816 369 891 536 734 424 444 161 230
891 904 146 721 206 111 998 131 645 971   3  60 760 391 380 541 578 742 960 870 950 513 277 403 305 508 428  90 261 661 932 479 464 266 911 284 162 112 212 950 151   9 699 945 436  72 213  66 853 289 933  50 536  57 474 249 243 705 627 974 638 828 556 383 404 551 538 179 194 306 216 980 619 899 369 234 664 774 934 398 944 718 801 533 391 300 955 647 659 121 211 974 943 580 184 928 750 925 698 872
111 169 570 123 314 522 810 855 438 556 523 452 178  57 528 507 840 745 660 732 589 577 170 640 212 696 848 759 794  29 784 236 844 897 867 999 350 691 626 282 204 359 987 874 645 505 129 661  14 228 773  61  11 613 284 195  88 412 933 752 353 611 230 495 824 655 428 229 749  74 417 336 648 465 289 989 222  40 978 121 569 983 692 936 815 944 315   5 324 904 622 541 119 993 264 485 745 488 510 334
174 818 854 286 335 280 961 196 852 234 995 203 826 948 353 478  33  35 648 360 718 190 914 203 964 274 934 397 626 652 135 527 684 193 615 473 827 554 576 324 817 837   6 270 118 301 863  12 441 537 985 693 884 809 337 427 289 148 353  81 175 810  92 654 542 743 715 313 205 649 488 460 484 271 741 569 132  58 625 671   1 230 277 312 714 345 633 431 537 350 914  31 241 932 411 128 703 605 965 636
418 305 198 416 443 496 321 958 978   6 300 561 746 915 161 667 783 435 111 313 267 678  30 565 810 167 649 670 868 666 376 850 584 529 114 557 865 841 696 119 790 673 459 514 188 153 296 860 588 179  76 958 458 447  10 920 750 135 921 500 247 208 226 333 940 397 864  18 365 988 191 753 624 464 786 701 149 456 563 177  86 585   6 478 752  87 276  39  26  67 265 794 577 948 995 795 924 745 250  88
 70 204 543 313 975 170 772 402 945 841 215 782 208 976  92 572  47 194 163 234 259 766 811 139 718  78 461 967 761 947 663 907 934 454 896 921  54 390 973 117 333 342 614 379 769 525 766 640 384 889 722 219 543 203 205 957 814 870 526 138 996 571 983 261 822 431  73 950 113 416 220 190 883 577 943 744 554 952 505 781 179 709 616 752 690 571 819 341 774 730 723 971 445 441 297 266 822 432 288 957
671 645 141 892 944 607 346  75   0 802 713 924 264 234 614 532 977 693  71 222 183  91 497 816 284 559 458 183 697 328 196 543 782 173 832 363 627 744 492 168 971 797 999 581 601 713 389 864 747 310 489 778 905 897 789 412 857 834 530 148 631 842 320 268 392 339 595 923  80 424 569 161 604 730 864 133 104 661 333 752 911 465  75 760 839 852 486 626 247 647  71  62 836 371 798 703 645 774 785 919
468 829 237 586 574 926 842 436 316  96 794  69 334 695 277 928 303 219 543 317 511 493 645 472 255 536 662 850  19 562 425 198  83 342 121  30 702 544 426 829 564 535  39 171 246 829  99 430 865 162 854 273 232 142 130 868 512 679 224 860   7 537 797 400 746 739 599 318  67 632 445 944 975 956 126 631 508 949 535 816  47 612   3 472 682  34  47 967 492 411 877 170 495  44 286 876 681 500 549 279
  7 565 814 570 980 352 537 987  58 507 970 389  68 815 832 241 951 952 286 854 301 482  91 400 341 193 739 316 543 292 667 683 970 944 383 790 784 399 774 136 353 238 635 378  45 427 287 422 283 331 424 157 792 452 634 861 668 871 927 179 635 816 103 768 194 454 605 782 919 354 441 944 401 794 850 408 478 717 887  55  93 209 111 827 201 996 235 503 472   5 124 331 459  31 757 199 744 756  15 593
644 187 228 749 182 474 256 161 967 768  70   1 954 164  31 499 744 532 416 609 186  76  27 632 531  28 942 745 749 644 922 413 663 844 631 436 245 467  38 585 111 382 700 804 402 748 971 515 709 253 758 519 413 195 223 761 265 646 987  46 339 634 361 688 165 941 590 306  18 352 650 369  74 291 109 848 477 361 660 677 424 781 238 531 477 188 879 731 136 299 339 398 190 547 414 299 572 647 774 201
818 143 111 174 334 285  55 809 443 175 825 735 738 981 628 462 913 164 522 726 362 932 958 268 361 207 459 438 731 432  36 393  37  29 293 570 109 891 126 274 534 493 871 446 283 975 366 806 100 915  48 187 657 776 887 463 728 644 354 749 764 314  87  76 204 468 389 824 553  12 533 770 705  71 509 599 885 965 178 131 326 808 298 366  26  27 228 744 688 758 227 284 673 542 810 663 174 916 924 769
969 664 451 260 795 769 932 689  99 691 217 704 831 301 629 776  26  39 253 589 777 402 369  27 801 581 519 775 136 935 402 857 370 767 673 912 559 784 398 450 941   1 170 458 847 692 586 442 460  81 319 827 143 928 143 973   2 649 304 772 900 652 669 235 724 172 177 144 664 423 138  71 981 538 732 370 177 886 480 686 946  46 683 328 926 272 695 832 282 369 592 912 386 445 686 355 679 166 115 889
293 586 388 657  32 949 470  78 643 653 877 692  55  85 458 482 546 368 113 501 661 138 518 996 997 917   3 820 395 649 559  34 609 454 133 275 371 457 983 402 116  41 372 455 604 767 282 466 388 125 799 176 122 693 526 328 120 834 329 994 848 991 771 650 936 653 160 182 723 176 618 760 413 455 348 402 418 136 465 966 645 428 385 998 769 357 468 838 650 911 381 506 955 631 811 287 141 231 372 909
577 392 605 860 754 761 667 579 149 125 942 455 564 209  96 639  83 297  43 887 827 109 711 163 739 557 475  42 187 174 640 329 261 209 629 295 140 923 375 977 191 433 798 586 743 866 254 903 379 851 542 688 995 512 108 409  32 818 353 908 731  17 108 428 762 956 146 553 606 179 584 409 729  30 593 846 798 665 492 291 948 188 599 392 708 401 233 516 288 169 814 709 540 116 516  62  74 798 582 351
318  42 308 318 857 430 827 135  85 640 240   1 505 249 194 251 475 612  26 685 294 345 953 736 564 317 730 577 322 649 907 588 105 632 434 424 642 826 193  22 334 952 882 136 275 204  41 116 854 281 652 307 390 342 533 303 208 578 575 711 117 712 446 830 763 431 757  45 150 255 332 860 900 572 989 242 255 341 628 183 560 539 605 983 612 176 440 168 315 254  34 260  82  27 591 102 860 787 568 115
437 592  31 894 734 639 745 321 191 609 512 665 682  11  33 999 630 848 115 280 324 347 140 985 273 392 257 445 666 896  57 961 328 366 803 402 343 229 888 109 379 673 837 524 624 702 930 111 748 325   5 597 902 279 507  58 558 805  11 754 455 343 134 241 411 473 476 439 535 268  98   9 755 333 938 351 297 460  87 869 505 711  45 146 848   9 289 978 789 192 329 910 331 524 226 127 669 720 139 707
469 383 717  67 379 324 213 292  51 592  70 430 677 328 362 332 446 528 590 849 752 922 930 932 638 184 161  37 492 234 169 604 494 865 220 637 392 377 147 475 171  92 379 530 734 730 566 242 565 414 191 230 382 187  56 764 172 366 468 490 933  33  89 135 636 673 523 710 309 737 109 352  91 443 469 356 576  85 767 376 255 772 698 140 321 212 882 800 993 803 744 485 525 130 369  48   6 328 899 897
469 173 974 800 176 976 189 609 592 271 448 153 158 584 320 418 475 819 740 885 417 322 916  39 580 791 332 262  48 228 338 478 327 869 508 176 609 296 825 928 203 915 477 126 102 638 429  68 465 716 586 696 161 482 108 105 182  80 154 299 647 542 586 226 633 735 382 104 633 905 689 929   9 138 539 337 844 267 137 235 688  53 691 848  78 599 917 849 145 459 152 794 922 842 840 192 194 759 337 627
542 559 791 104   0 676 381 186 729 531 389 686 244 461 655 906 780 478   3  67 389  86 194 990 118 580 645 342 621 648 302 462 955 784 802 414 425 875 173 748 497 171  16 288 104 995 267 158 383   6 691 975 912 953 940 264 679 794 103  56 807 771 460 182 282 624 733 921 759 634 897  24 138 389 170 378 914 590 588  38 137 511 630 387 225 692 387 494 116 495 956 962 330 686 714 464 981 741 427 302
809 735 138 246  31 756 880 643 983 166 441 827 624 584 231 221 800 916 537 563 114 217 509 433 781 451 530 576 383 697   4 296 437 915 286 200 793 349 829 593 878 157 965 713 326 430  89 503 644 962 372 453 101 843 130  91 349 237 564 755 393 660  38 742 599 919 985 564 260 768 552 688 879 436 750 487 132 482 974 862 221 823 380 615 840 973 491 467 403 487 967 873 749 130 890 503 606 501  31  21
358 198 229 864 575 777 565 542 240 502 147  82 141 625 274 717 258  72 656 503 483 742 804  34 353 674 730 891 713 871  67 171 810 271 301 819 231 718 709 877 979 829 785 317 491  52 397 856  37 419 882 571 532 383 323 252 510 801 846 979  68 484 606 906 715 271 359 592 705 121 830 219 732 145 161  63 241 996 659 481 949 849 624  65 289 277 830 449  20 951 335 543 101 933 314 386 699 841 863 883
307 916 960 548 708 473  18 358   1 493 607 949 617 296 170  92 157 659 456 627 977 944  23 269 582 984 897 667 812 363 669 857 245 674 525 727 149 737 516 550  73 661 262 870 231 996 592 183  15 605 892 723 459 488 320 795 374 849 976 528 541 490 957  37 750 260 972 985 682 887 381 682 608 248 410 478 498 399 316 242 889 901 467 387 973  39 137 162 260 651 698 123 329 179  30 606 777 340 526 650
244 274 195 316 765 625 459 204 902 380 414 346 778 596 637 624 944 853 130 489 967 413 831 371 317 964 403 829 238 563 212 318 330 615 236 317 344 912 336 113 459 874 464 853 334 140 545 193 224  42 275  16 957 916 224 663 114  58 776   0 704 107 803 106 497 945 143 105 507 378  51 961 426 548 378 416 426 349 584 673 527 828 100 562 607 785 363 399 603 188 648 400  81 795 950 321 423 121 924 886
603 728 376 902  19 263 290 906 312 256 752 498 995 913 991 128 753 947 218 903 856 319 898 114 887 906 128 665 370 395 859 468 967 110 711 838 870 522 911 483 259 924 441  74 419 980 577 591 677 565 464 675 349 657  39 887 167 611  79 495 549 199 673 258 450 416 121 725 858 431 410  23 649 396 856 871 777  89 568 601 644 777 495 497 204 325 202 625 409 888 618 398 631 804 727 319 222  90 222 495
209 224 560 924 920 595 356 684 468 725 860 548 267  52 407 411 785 456 149   1 943 515 590 979 222 868 480 680  37 453 432 191 498  49 776  69 166 985 636 830 847 265 600 415 908 301 519 404 783 817 658 118 894  94 941 807 926 606 366 683 624 640 994 661 625 846 809 672 690 986 563 791 373 416 298 718 611 915 367 558 309   2 626 566 572 975 476 264 605 516 227 820 692 835 844 231 285 547  75 137
791 459 962 149 903 235  22 426 346 376 811 608 212 212 194  80 303  61 297 276 779 201 491 556 123 941 497 140 538 449 842 721 915  42 752 959 852 795  91 374 327 232 851 377 698 933  65 339 394 251  29  26 601 151 548 521 135 902 876 869 939 794 662 971 954 110 650 557  35 479 161 167 831 967 535 280 427 770 993  17 951 335 215 578 882 940 284 659 294  89 929 491 441 687 352 748 446 694 266 965
229 164 769 451 311 296 761 158 215 298 925 190 144 656 798   4 617 730 601 464 690 527 614 314 928 100 905 332  45 980 936 888 610  95 747 450 872 527 717  41  43 753 145  57 659 130 619 257 877 489 984 646 141 799 745 789 921 262  10 637 751 310 126  81 754 245 649 663 307 594 251 752 446 812  25 378 673 100  45 964 359 982 698 725 278 637 594 480 266  40 884 840  85 719 426 200 366 846 868 940
681 767 111  89 475  54 648 810 687 352 459 247 617 760  99 731 585  78 250 143 331 402 722 329 472 531  65  55 169 885 348 254 366 308  72 505  97 410 603 160 583 795 204 663 479 887 294 541  43 336 104 480 540  33 803  14 307 132 552 769 299 561 847 280 396 299 628 239 185 264 519 598 562 929 594 207 749 696 684 661 523 954 304 694 954 134 245 446 203 371 418  56 962 631 902 702 299 476 173 699
673 818 829 175 650 901 449 748 489 335 148 685 783 787 570 893 599 273 713 190  28 222 132 505 512  45 868 264 970 766 665 609 147 559 856 198 410 871 106 578 289 592 844 550 846 299 111 127 503 379 720 631 750 214 968 437  55 861 355 677 415 940 691 128 535  69 511 603  92 914 117 501 112 856 588 559 951 751 410 505  48 511 713 625 643 577 664 863 127 271 110 996 256 920 572 783 309 715 210  18
147 227 784  21 472 324 984 518 889 842 539 483 833 420 325 872 919 110 544 909 609 756 245 894 541 898 144 864 990 601 798 158 524 656 908 332 329 947 725 338 817 427 661 960  82 463  19  62 114 769  20 971 722 188 710 776 755 607 930 986 463 596  57 638 706 676  57 299  36 298 821 428 164 490 499 120 199 478 347 124 658 348 862 735 327 706 898 670 864 468 670 831 479 539 148 504 127 646 745 517
562 485 432 959 515 894 140 756 461 200 209 478 817  22 437 111 644 121 941 334 551 910 112 731 674 604 931 626 588 356 538 187 940 288 326 970 962 440 793  38 653 804 814 709 503 821 658 574 704 108 785 393 762 824  66 954 562 677 468 518 650 777 679 855 737 575 487 567 944  35 446 839 604  82   4 172 621 939 849 999 594 871 299 359 884 766 283  46 679 482  57 392  44 253 361 652 321 723 950 730
902 433 554 893 350 783 708 625 258 803 588 325 330 367 723 200 547 883 828 383 687 700  94 427 895 736 349 356 482 805 631 330 414  13 231 711 545 104 647 162 437 110 753 626 429 112 484 708 359 545 147 594 453  26 231 963 146 328  72 763 160 951 389 866 156 479 411 735 124 342 994 934 611 308 601 122 951 251 412 780 648 791 546 523  22 425 973 742 183  30 417 649 813 640 711 550   9 483 197 915
870 950  14 403 986 486 429 100 690 323 283 475 687 415 371 631 612 234 631 774  74 958 974 293 207 385 896 953 633 810 152 729 282 968 381 438 535 971 403 473 444  63 160 525 922 133 838 112 509 285 240 708 326 907 893 162 865 973  76 677 885 287 570 759 997 775 923 150 428 140 386 204 157 331  70 218 381 805 873 846 601 836 244 384 998 446 639 188 697 724 961 458 176 345 923 230 924 448 703 785
206   0 584 245 433  96 349  56  60 488 840 686 828 789 286 136 842 725 671 844 954 200 148 684   2 146 382 594 156 862 878 559 892  80 571 712  96 491 316 887 189 738 364 838 578 367 925 155 694 857   2 902 607 651 854 249 700 128 643 366  49 216 566 186 368 763 913 914 619 956  23 475 706 555 212 574  39 529 371 575 576 961 377 146 343  23 671 668 288 813  15 260 574 427  12  93 884 344 102 717
959 434 394 344 959 628 987 756 165 572  61  91 955 924 210 650  38 992 325  15  91  88 737 117 309 708  10 686 299 562  42  58 991 575 723 247 422 743 431 703 660 858  35 977 857 605 263 469 901 685 273  69 457 892 564 891  36 765 449  15 495 798 923 793 628 214  81 107  80 834 379 995 162 825 373 212  13  49 424 286  90 618 105 595 111 851 642   1 501  43 806 573 113 197 165 559 892 617 968 914
799 704 741 784 772 874 260  14  23 925 809  31 162 313 944 650 321 265 723 172 690 373 246 550 987 785 380 911 569 480 930 892 314 610 636 133 335 290 157 392 820 517 345 155 860 879 561 139  40 257  10 981 456 636 967 387 981 681 301 143 256 490 190 286 825 127 804 941  79 758 117 494 818 398  76 455 238 948 283 973 746 738 511 981 521 223 606 171 259 551  22 144 457 320 376 677 926 135 684 620
303 183 387 236 665 890 131 599 500 932 227 369 233  98 728 965 727 418 538 952 419 880 202 465 796   9 200 297 159 715 887 634 928 295 949 877 650 491 136 661 197 521 976 335 899 849 424 100 157 498 882 122 610 392 325 770 613 328 525 302 928 327  33 124 964 777 609 163  61 476 826 655 860 288 366 385 821 291 989 720  57 891 184 212 979 236 800 803 497 922 331 740 982 461 472 367 334  45 553  58
749 727 182  20 777 290 591 680 902 351 640 710 841 937 885 321 467 207 304 272 606 640 977 761 826 315 489 379  38 447 765  52 505 464 708 421 849 719 649 461 357 906 271 807 716 479 619 732 881 905 604 144 527 238 278 741  71 354 393 153 347 932 771 757 884 256 295 863 320 704 496 111 356 917 819 703 903 195 395 293 839 992 209 278  73 977 139 370 859 361  57 214 932 511 994 507 308 679 246 792
652 590 762 250 557 207 921 699 461 197 338 286  57 890 877 922 172 561 369 625 122 158 645 805 474 829 518 850 284 614 525 389 347 905 815 609 455 657 672 294 911 640 834 159 624 474 195 644 320 164 714 730 548  92  27 756  18 488 706 410 118 945 426 640 922 102 862 528  85 160 410 994 407 943 951 321 289  65  13  50 372 221  59 152 242  90 557 768 756 172 708  19 257 831  40 740 119 644 221 945
477 637 896  84 103 514 283 854 144 417 489 568 946 365  18 844 832 645 193 361 787 499 657 173 508 199 520 518  22 270 804 178 328 589 891 208 833 526 905 177 998 171 438 967 905 875 917 682 102 891 979 548 697 219 328 212 245 997 851 730  34  44 868 590 621 593 196 814  59 408 318 902 229 296 780 931 894 558 939 780 622 891 267 362 445 681 903 827 183  50 555 650 820 102 359 654 407 687 101 219
210 965 868 180 222 934 816  84 120 817 761 471 695 857 950 765 760 420 255 330 795 644 461 311 423 245 445 530 576 717 702 934 464 347 171 953 795 486 530 384 820 520  32 796 596 417 482 852 604 201 934 592 374 208 106 312 375 365  38 463 619 214 769 697 663 352 590 443 389 967 737 946 634 468 949 940 750  62 393 502 224 608 507  60 897 718 906 645 258 742 651 217 671 871 775 986 953 569 338 787
629 596 435 274 304 858 880 938  70 288 734  30   1  13   6 943 770 546 165 256 133 919 205 314 245 870 536 269 514 348 625 437 601 884 721 569 560 244 744 216 192   3 610 139 662 907 243 240 432 410 215 431 425 616 109  20 387 509 470  62  13 707  89 582 782 429 868 813 232 892 326 962 970 273 464 385 613 142 675 881 305 185 593 709 364 540 529 470 578 634 475 336 863 181 108 728 254  28 256 654
322 366 814 939 100 138 664 668 288 313 799 153 104 213 740 597 738 675 231 373 502 834 730 726  35  89 336 443 388 137 286 221  30 844 249 786 712 724 216 868 420 573 456 404  97 419 842  91 453 224 793 379 232 385 275 509 712 541 845 615  27 498 369 670 272 967 396 545 893 345 870 303  94 682 660 527 591  56 902 822 899 170 663 159 869 710 704 715 122 601  34 452 724 622 794 217 676 252 257 114
420 727 253 204 741 420 867 775 273 531 467 392 276 153 594 706 280 210 181 157 490 589 390 732 617 207  41 693 534 457 806 977 534 777 306 715 721   3 461 482 635 587  36 686 651 521 529 156 506 938 593 819   0 392 370 634 784  41 373  47 297 272 349 153 160  58 362 416 296   0 183 894 639 777 409 358 725 186 552 841 719 162 598 319 419 381 106 354 801 479 733 673 308 509 371 505 721 787 615 738
 62  45 332 195 568  85 267 719 580 715  90 533 369 247 522 684 586 243 373 314 312 642 901 967  32 980 413  66 790 556  30 852 732 729   2 765 623 757 544 927 189 728 658 883 877 308  17 330 211 488 363 218 357 584 757  47 749 451 974 194 246  14 401 481 836 531 543 139 195 537 332 376 785  42 559  52 764 322 334 788 148 744 138  67 297 954 597 874 218 302 397 170 735 688 561 748 455  71 220 700
398 162 848 506 567 879 569 226 210 675 467 714 892 280 129 175 110 705 197 685 281 520 375 623 435 575 225  54 101 148 402   8   5 996 364 846 174   5 555 107 242 817 551 812 932 364 596 448 591 217 637 205 617 751 695 148 854 970 301 215 127 572 272 452  34 636 802 351 660 460  39 986 435 668 206 864 702 898 606 119 302 462  92 164 587  16 940 819 845 522 655 106 442 217 587 508 405 357  94 508
649 579 465  76 831 895 394 980  86 846 637 818 599 491  48 112 712 486 618 552 914 994 382 818 536 407 389  51 565 445 314  11 674 816 452 766 980 597 322 989 495 312  61 273 233 565 156 958 753 707 256 945 732 751 842 739 796   8 183 504 170 435 448 151 664 106 713 455  33 985 683 397 162 181 558 125 868   9 977 485 495 637 203 626 626  38  57 689 513  61  23 667 981  80 524 180 301 322 509   2
215 236 812 954 639 616 774 693 603 829 153 734 703 686 417  82  66 905 593 824 265 743 312 308 807 877 234 893 902 599 365 277 564 781 216 712 238 411  45 178 300 754 855 477 371 921 927 874 124 441 479 290 697 682 433 557 291 411 650 631 792 289 436  47 235 227 974 288 370 659 159 372 436 966 860 393 435 615 900 680 376 195 112 735 179 285 900 653  28 737 722 190  16 274 152 273 226 641 754 681
988 785  49  97  49 713 362 700 324 666  35 205 978 227 601 225 610  79 245 887 683 526 854 525 121 890 909 158 255 377 203  26 102 669 565 856 347 247 134 953 523 658 315 994 738 830 368 707 503 902 410 456 588 407 403 400  72 143 481 163 380  91 265 601  85 257 798 288 414 266 970 376 727 903 739 517  17 682  87 993 145 866 571 693 874 761 201  33 676 326 385 132 264 649 826 399  74 702 278 770
423 965 376 223 839 358 202 212 945 504 318 293 426   1 982 746 163 190 501 572 508 385 828 381 438 750 391 253 153 536 360 130 358 460 811 930 622 796 155 739 700 913 358 664 901 645 405 951 171 266 210  42 473 980 643 216 666 720 604 646 488 934  34 841 896 888 892 158 436 578 842 723  17 461 209 131 308 242 455 333 728 845 228 329 568 994 517 923 331 334 289 544 500  25 253 695 226 338 209 403
 32 939 927 482 349 140 281 437 389 437  28 698 972 512 668 762 558 715 242 435 853 776 785 179 963 797 775  55 179 234 308 122 130 831 735 551 843  75 982 669 612 958  40 528 807 174 732 490 359 339 859 645 221 448 434 251 730 593 172 854 996 100 631 447 465 932 269 329 889 732 306 737 537 517 798 859 571 432 689 914 190 847 994 892 856 642 374 819 949 969 577 805  94 495 787 868 452 840 812 827
796 355 932 332 252 346 341 557 181 488 801 641 576 567 917 289 979 274 734  47 790 154 599 874 985 782 385 623 795 424 992 214 984 133 509 367 363 700 226 762 155 595 191 228 228 105  24  47  40 703 236 311 190 212   0 596 184 329 197 912 434 111 266 840 136 708   9 733 715 882 346 801 528 747 849 282 267 589 398 587   0 275 336 323 253 769 250 393 496 807 320 664 498 151 815 610 203 650 619 664
 51 997 911 221 272 467 376 182  49 233  26 586 752 432  44 594 671 810 136 750 198 265 573 229 153 273 313   1  85  85 168 896 647 785 444 593 267 594 935 536 790 227 622 974 703 307 648 849 854 923  70 954 490 273 585 731 745 286 259 540 704 933 532 466 279 210 447 576 116 827 838 280  17 397 506 761 892 785 198 106 997 566 934 994 938 192 217 674  41 126 292 919 894 441 192 641 656 670  49 229
641 948   3 131 693 702 703 810  76 878 934 902 667 787 353 477 277 366 337 871 942 319 245 677 619 294  39 423 851 458 395  42  96 211 563 496 959 350 869 747 754 526 150 865 507 682 515 225 672 286 475 526 207 324 273  76 282 566 783 704 578 389 763 580 426  48 172 111 105 469 356 862  74 184 926 437  58 986 701 219 487 418 756 637 785 356 576 133 773 711 164 929 738 308 238 881 558 602 802 254
264  60  78 887 537 498 928 441   1 246 593 671 588 264 690 160 940 917 846 287 165 443 764 343 218 428 875 895 586 274 807 936 570 615 178 703 866 281 841 772 676 696 181  61 481 300 901 352  96 837 176 122 134 578 667 356 840 784 751 163 906 472 677 255  17 930 726 811  17 812 118 328 173 851 460 251  47 190 693 233 509  98 183 980 982 141 218 886 680 895 886 290 669 561 860 720 715 378 758 217
902 176 282 945 295 242  33 501 585 387 565 303 152 117 995   6 423 888 693 360 123  24 158 412 788 227 293 613 703 686  29 170 447 569 263 247 638 672 676 754 394   5 826 196 380 368 839 391 388 126 411 223 387 354 508 667 844 459 265 392 226 181 227 179 858 311 293 535 919  35 475  19 848 859 943 587 514 241 770 902 198 787 803 522 371 855 982 339 277 888 393 917 716 108 547 383 308 176 280 230
990 845 812 139 189 370 830 298 313 547 264 313 516 785 617 247 770 298 540 793 651 801 902 452 420 312 228 157 779  11 349  60 572 637 916 330 611 325 536 654 285 703 940 863 656 960 484 643 682 245 624 139  50 814 271 188 916 145 390 400 907 649 596 134 610 897 263 702 541 121 471 771 245 324 309 526 245 419  13 329  82 393 272 154 646 790 568 628 177 575 201 343 965 929 884 829  34 406 498 166
337 285 331 508 379 239 671 460  92 191  85 516 990 814 779  54 670 879 686 843 384 978 804  80 995 876 797 277 423 296 648 193 267 100 796  67  31 902  43  72 876 650 717 373  74 264 267 738 280 202 421 874 521 374 659 479  73 419 654 906  13  93 652 680 542 648 943 361 439   5 586 906 348 650 118 973   8 356 713 959 300  82 655  68 154 455 336 252 602 177 285  62 903 378  89  20 999 719 525  73
814 287 957 249 105 619 875 198 718 863 176 120 450 522 669 421 341 608 873 464 599 234 821 667 826 917 496 174 365 573 250 583 601 158 773 178 136 274  41 347 396 191 201 886 906 464 302 953 114 971 611 928  55 932 338 316 612 294 461  56 890 836 977 130 232 586 175 388 120 710 705 341 571  58 615 328 568 105 871  71 891  92   2 708 942 279 219 704 147 785 392 408 597  57 512 307 385 599 931 139
233 357 683 558 616 593  79 242 558 905 947 995 749 607 993 292 456 448 184 307 676 633 749 504 210 600 566 215 504 710 601 548 248 583 516 931 675 523 894 833 279 673 202 421 217 480 815 406 852  19 680 627 658 826  17 384 174 681  91 842 652 592  45 615 799 354   4 393 412 930  65 705  40 105 726 762 641 515 966 570 866 627 293 189 894 918 193 508 713 262 278 301 584 867 783 123 548 637 160 928
750 865  89 141 569 939 812 190 941 980 839 382 600  33 392 431 764 505 208 412  11 804 971 877 235  11 767 964 349 473  25 558 882 881 534 417 539 810  48 701 360 790 145 115 233 217 552 204 494 429 949 759 274 760 888 978 507 964 961  36 586 399 411 281  60 275 230 759 607 310  32 557  25 270 896 605 160 200 640 470  24  95 138   2 752 839 640 179 716 719 158 410 293 309 548  22 743 512 329 673
263 840 487 988  82 869 825 586 902 719 321 807 680 400 162 254 692  40 402 432 833  15 717 157 587 841 845 548 649 189 739  97 412 228 825 593 159 670 881 495 519 781 853 220 660 918 536 489 730 509 789 409 814 183 918 486 764 563 377 600 271 464 666 263  76 304 644 419 291 671 941 314 880 419 456 851 465 776 250  46 611 714 184 801 154 366 797 828 238 132 910 780 754  70 106 285 942 234 264  26
841 621 600 820 260 724 615 899 732 588 434 164  26 631 505 454 362 296 955 218 678 205  70 293 621 122 537 110 411 778 496 555 611 747  22 481 445 228 715 660 410  74 254 464 273 605 977  26  80 391 740 387 269  39 284 688 729 566 486 513 489 618  45 868 236 346 906 885 399 897 854 766 205 828 364 752 793 267 333 516 574 260 125 895 298 689  73 914 503 458 827 497  12 946  76 361   2 531 778  92
482 371 275 587 633 327 946 338 117 741  56  65 120 524 205 382 825 341 404 411 293 227 611 306  23 836 552 228 602 831 398 477  68 794 877  10 495 828 853 184 489 170 862  21 995 416 638 677 480 558 761  30 263  46 164 878  59 739 484 148 541 155 778 827   7 678 907 745 531 686 166  95 824 354 302  18 160 775 678  59 656 682 142 801  76 959 408 188 476 185 513 175 536 617  13 317 174 694 894 162
828  76 685 466 801  27 897 633 691 141 373 569 274 995 675 417 476 419 203 637 147 151 583  31 505 836 421 363 679 903 236 501 592 798   0 256 422 300  73 421 986 826 900 707  70 354 726 797  21 711 661 109 440 913 926  87 531 135 360 181 383 956 224 523 394 599 542 239 222 286 131 345 585 357 759 170 851 937 519  43 922 857 522 649 553 753 140 130 894 680 252 895 271 454  66 905 486   9 979 514
344 678 417 441 527 681 608 193 481 495 865 661 103 904 702 632 777 226 254 258 675 928 551 239 947 454 476 288 753 122 390  18 780 779 618 701 134 749 598   6 892 776 811 792  60  57 559 518 977 608 576 777 481 436 508 517 437 201 412 687 903 426 205 894 980 730 585 911 360 562 634 977 684 373 994 568 711 698 725 886 889 447 833 691 868 967 771 568 140 537 439 211 812  58 848 419 837 381 958  32
104 787 491  78 884 125 751  44   9 955 467  49 922 972 685 368  43 185  74 935  66 303 151 558 417 952   5 153 194 689 822 367 522 197 641 314 938 790 244 217 603 602 657 489 699 879 175 741 741  48 235 272 671  95 357 554 323 811 440  50 558 255  97 548 188 361 750 908 813 446 707 654 959 828 319 848 629 956  18 484  19 684 697 492 414 641 252 483 350  85 313 334 502 250 763 583 896 990   8 856
479 402 470 870 922 755 555  26 885 389 776 259 953 161 112 306 141 796 591 240 288 491 974 811 607 955 781 792 891 614 595 539 152 777 744 547 407 337 929  11  48 730 693 235 267 593 998 935 845 486 668 940 237 745 587 110 197 321 786 276 367 843 188 392  67 569 382 251 914 849 422 282 808  37 386 122 139 233 159 403  28 514 825 302  74 374 423 676 374 279 708 415 712 265 257 449 288  29 206 868
366 665 804 332  34  81 113 709 100 746 242 107 300 449 668  96 302 546 922 738 275 560 330 958 417 530 501 977 430 340 526 588 373 612 457 565 140 161 634 297 316 881 667 502  59 317  26 713 872 664 567 969 868 268 925 780 310  87 786 463 977 688 800 769 558 919 292 943 554 658 751 919   2 280 221 922 263 612 450 225 508 681 853 833 437 257 664 869 170 830 269 611 943 550 193 158 913 247  87 359
559 386 222 426 445 590 351  10 214 108 369 891 744 526 326 974 923 828 762 415 234 877 511  35 849 803 225 792 204 594 293 343 911 459 293 660 330 366 904 261 751 279 774 346 769 644 924 992 893 128 405 387 186 884 999  35 811 842 312 929  25 199 536 818 727 374 369 352 810 456 873 914 822 431  83 694 110 215  86 349 814 676 180 651 109 649 593 517 597 832 398 989 357 480 867 431 620 634 455 751
549 879 174 368 123 921  68 664 272 341 471 803 613 778 686 758 132  20 776 915 163 591 563 908 109 104 187 933 691 950 903 960 209  32 166 702 278 435  17 129 306 161 790 448 178 513 172 929 604 638  39 272 531 859 620 511 173 529 998 169 466 525 606 574 583 564 907 431 738 499 436 551 894 369 589 207 454  22 865 394 272 911 732 349 777 192  33 941 888 734 859 141 374  36 354 334 430 828 229  91
840 262 952 707 459 966 200 378 603 323 486 929 499 580  15 128 713 514 148 789 483 454 986 710 713 581 307 879 569 605 871 702 720 304 960 779 780 457  29 643 300 464 815 180  66 880 836 981 189 432 715 348 860 927 845 260 861 711 146  87 460 420 131 691 200 564 530  27 828 684 201 888 994 402 701 226 931 555 240 290 643 279 723 751 223 229 710 401 587  40 404 682 232 179  78 859 589 744 993 183
878 155 323 338 822 836 598 973 239 797 845 296 458 162 661 497 606 722 567 933 766 663 953 846 998 546  17 537 569 674 710 102 735 263 210 912 102 214 830 183 514 610 544  59 490  60 155 304 714 379 945 929 622 839  84 477 763 153 481 818 932 934 275 140 753  62 567 225 789 878 456 602 135 237 316 831 930 472 990 773 411 103 904 590 783 583 693 265 815 469 766  48 915 497 384  40 103 127 952 241
594 366 905 516 847 145 968 509 870 194 156 686 108 989 760  64 883 499 135 852 720 334 393 957 452 585 401 241 282 944 174 167 127 418 617 419 523 407 783 245 944 867 169 647  72 489 997 189 366 288 762 659 180 248 256 252 978 824 638  94 837 780 779 683 894 880 911 969 736 161 586 101 991 512 645 363 137 679 962 147 563 237 573 659 502 526 201 980 595 297 911 212 939 742 231 790 781 299 211 580
 58 878 782 623 377 982 620 231 840 698 830 718 209 725 778 518 224 703 561 823 882   7  66 933 324 600 412 119 249  74 420 411 679 696 108 209 461 338 177 601 434 783 514 750 840 181 622 289 531  89 896 115 710 324 660 610 602 667 266 556  88 431 100 461 694 743  48 571 168  98 510 120 263 434  70 611 458 445 463 279 867 344 659 913 272 159 841 461 890 152 795 805 155 139 574 286  57 103 275  75
  0  29 547 558 996 730 898 128 160 246 526 461 802  54 766 465 855 678 557 260 920 777 617 114 634 231 412 741  21 184  91 925 804 677 530 982 647 448   9 734 933 766 927 194 666 386 418 207 324 803 323 359 869   8 710 282  84 345 568 106 346 426  69  11 414  31 862 235 195 565 621 551 717 787 313 868 400 265 717 664 130 146 131 774 274 664  47 372 232 937 904 615 592  14   1 966 308 618 131 188
628 686 441 774 473 638 846 574 187  32 605 402 809  36 324 302 274 965 314 604 134 278 849 356 638 186 778 316 229 510 106 981 197  88 307 508 510 870 795 866 621 513 441 655  32 600 137 198 447 258 355 340 221 193 157 534 616  30 101  64 914 958 308 387 154 949 262 621  17 970 383 860 492 932  56  24 741 115 192 566 629 247 153 762 710 723 575 246 384 603 739 228 863 502 510 697 971  81 973 402
343 184 407  64 182 658 517  96 322 437 958 965 242 232 552 722 333 875 615 847 145 247 567 710 683 402 396 952  61 837 715 942 727 615 210 851 509  52 717 310 950 844 749 354 660 836 818 352 589 683 498 320 573  84 964 895 108 719 316 688 120 186 435 503 313 382  72 250 263 595 484 352 391 111 778 421 720 214 582 571 721 403 558 605 112 142 392 675 502  81 698 677 418 995 360 799 352  68 357 868
544 941 683 170   1 391 169 556  14 356 956 248 844 762 570 964 535 335 557 548 247 768 512  34 662   3 729 652 991 369 116 163 655 770 907 373 581 853 997 248 354  14 550 453 693 338 990 196 183 430  93 256 135 734  21 869  28 404 412 919 635 646 894 951 493 685 594 363 395 287 401 637 955 831 451 636 691  81 572 269 614 100 282 309 419 421 122 886  67 681 498 525  78 417 465 148 674 766 402 185
821  28 602 650 921 544 196 925 830 900 234 105  17 734  10 514 851 366 923 396 191 768 947 753   5 591 227 998 119 690 133 233  18 714 117 889 738 759 230 460 469 649 452 405 448 928 655 585 275 298 740 495 823  77 200 436 689 910 233 886 934 340  75  63 931 832 312 485 753 180 239 840 148 923 118 530 967 629 543 510 794 978 682 384 258 808 251 914  10 312 686 836  18 455 343 218   3 421 966 897
180  45 978 279 540 126  38 310 702  17 366 196 103 290 434 418 268 990 669  37  29 998 953 845 397 338 802 946 176 778 410  73 517  26 705 852 483 378 685 215 527 143 455 255 237 275 492 945 229 313  63 721 262 678 392 387 830 328 452 717 501 901 163  96 874 522 771 714 206 386 858 314 822 347 267 466 816 116 498  29 850 379  24 388 939 237 710 717 947 378 963 465 927 357   3  72 422 384 166 948
103 126 119 414 647 822 678 967 262 442  21  50 803 614 492 686 990 243 931 904 254 733 225 495 443 224 672 518 889  63 998 260 697 419 153 949 231 461 917 466 884 721 958 927 984 743 265 778 783 303 747 678 825 302 545 491 857 918 317 617 920 717 971 876 605 311 188 518 557 376 659 466 390 115 554 919 321 626 448 697 261 684 273 450 875 359 119 243   7 936  80 502 312 774 435 270 482 187 490 346
255 330 701 956 166 606  94 756 658 638  95 852 997 275 780 543 452 696 940 985 486 719 803 494 938 845  95 461 143   4 420 196 270  53 616 649 329 416 730   5 647 175 852 880 923 979  90 383 356 732 382  73 965   2 886 909 153 226 575 684  15 539  83  78 798 839 972 318 962 927 656 609 495 974 942 352 108 161 198 437 893 160 410 168 885 808 141 333 278 252 319 520 207 215 389 426 673 545 612 610
797 336 337  60 827 896 103 418 266 282 261  64 662 455 793 387 154  73 498 493 927 518 228 110 997 215 663 735 105  73 113 121 135 231 522 959 300 204  95 510 418 882  92 178 599 869 433 738  13  79 483 137 280 409 550 143 541 886 576 345 854 497 592 629 460 782  18 431 183  19 267 784 305  35 108 540 495  35 136 732  58 284  63 275 279 171 686 682  47 863 689 733 488 778 830 924 507 682  98 546
670 112 709 844 337  35 967 194 338 624  91 449 482 852 677 435 548 267 821 298 433 185 975 792 795  75  67 993 120 927  92 852 313 637  38 169 969 199 784 942 286 381 646 303 200 420 334 191 911 831 726 274 751 599 590 121 540 245 664 974 984 820 623   0 409 212 526 921 636 959  82 297 156 960 787 775 575 623   0 403 450 296 694 538 643 736  57 400 533 675 387 774 374 154 573 968 937 685 585 946
291 511 241  15 924  22 623 233 324 185 752 594 311  60 220 461 567 874 672 195 296 835 768 883 614 194 375 417 290 257 792   5 621 723 500  75 231 865 631 517  53 392  83 536  93 634 884  73 603 974 886 126 870 198 902 216 429 828 375 449 825 728 317  32 281 952 847 856 308 165 357 256 469  19 331 428 181  11 660 398 921 131 981 794 150 425 321 703 638 445 264 185 229 579  61   4 180 724 737 736
734 381 591  50 225 125 690 482 267 637 492 358 820 713 333 470 187 177 990 710 761 158 213 415 385 999 451 635 537 916 966 659 411 811 515 644 348   4 989  73 144 382 283 555  90 528 960  59 610 796 542 489 952 186 290 635 556  55 629 845 662 764 110 105 422 525 101  58 461 509 338 625 696 646  33  67 247 370 845 600 897 394 103 968  83 869 323 903 531 759 787 243 376 851 227 655 903 868 788  65
 94 896 516 388 915 911 699 901 184 333 477 640 915 473 892 550 700 467 487 407 764 409 143 718 202 550 305  12 447 938 666  24 205 809 990 495 494 870 718 533 914 789  37  29 211 933 360 339 593 357 425 906 993 486 566 252 609 500 566 610 159 855 789 323 128 290 993 518 706 153 943 580 569  97 947  44 625  11 748 764 790 759 587 992 224 160 647 895 611 640 413 422 531 832 840 545 550 136 323 744
995 855 387 870 431 967 929 535 483 874 184 401  82 208 544 240 305 123 232 599 109 654 623 343 983 614  82 253 881 912 579 529 987 186  69 342 354 847 468   6 655 354 717 206 284 880 579 382 548 101 422  53 785  43 752 172 222 653 150 928 784 309 592 877 769 429 532 752  38  71 441 766 775 813 216 548 312 970 272   9 748 543 784 472 387 424 604 794 690 507 565 763 109 721 541 174  75 871  49 135
674  52 372 775  35  51 177 946 477 321   7 952 453 801 958 982 493 736 623 361 191 550 926 123 721 383 371  36 581 132 788 283 281 764 594 674 659 707 106 649 634 720 504  78   2 751 808 853  62 217 766  59 928  27 659 699 865 265 278 139 598 999 697 582 266 454 393 882 469 925 661 814 874 755 337 478 785 395 849 847 894 180 383 123 878 568 472 966 995 190 934 853  14 637 746 762 255   8 548 617
743  75 169 511 542 235 403 455 607   2 905 517 217 810 389 503 743 308 437 372 350 979 712 404 498 607  70 549   6 101 398  25 519 281 455 475 139 396 272 110 763 496 276 644 176 883 198 494 845 203 759  99 390 599 349 286 179 175 720 434 626 536 838  39   8 526 109 191 372 277 510 406 246 432 235  79 284  97 131 689 726  72  32 684 194 895 220 176 112 491 661 770 421 348 588 834 471 711 370 767