20
20
32 34 80 91 58 93 61 18 45 13 24 18 41 54 21 21 69 93 54 48
84 69 24 98 82 23 25 15 74 34 82 45 35  9 16  4  5 48 94 63
66 91 81 24 91 23  0 84 93 23 31 60 79 64 12 54 21 90 73 27
97  0 51 22 82 88 31 14 96 26 86 68 92  5 83 93 31 64 46 93
14  4 11 43 39 95 42  1 52 74 57 10 16 50 59 71 43 37 25 48
50 54 76 42 37 64 22 32 80  2 97 85 43 53 82 15  7 35 92 17
75 98 61  7 47 94  6 11 70 21 58 14  6 57 96 36 25 52 20  1
60 49 95 10 99 36 46 82 32 61 45  8  6 81  1 20 27 72 58 65
19 54 42 83 69 11 13 11 26 46 57 68 42 96 27 57 39 38 79  6
 4 25 25 44 99 74 26 25 24 10 88 67 80 97 70  1 25 22 76 30
49 91 97 66 83 86  7 26 54 63 69 87 73 41  9 69 14 54 19 14
90 77 25 97 56 39 53 16  4 67 18 48 46 14 79 33 36  9 50 44
77 91 60 87 67  3 48  6 58 75 23 77 80 96 87 90 99 94  7 96
 3  0  6 90 53 45 31 38 64  2 17  3 24 38 65 30 25 14 44 37
78 73 45 12 86  6 22 86 84 20 15 25 62 75 94 62 46 90  2 14
56 50 67 82 44 87 21 94 56 22 90 19 93 20 17 68 13 25 12 41
57 35 48 61 77 73 52 15 14  0 69 75 77 34 91 68 88 62 70 77
58 50 92 69 97 86 12 82  9 68 90 48 47 56 80  1 78 23 96 34
84 42 15 52 60 89 53 99 25 79 25 18 35 14 72 25 17 46 14 40
28 73 83 48 48 12 56 18  8 32 18 90 28 64 57 41  5 33 79  9